Scenario #1
63
11
55
53
72
42
45
1
6
10
4
50
48
Scenario #2
80
Scenario #3
24
30
20
30
10
10
11
11
30
21
20
10
23
23
24
14
10
22
13
30
10
Scenario #4
40
48
10
Scenario #5
21
75
56
11
Scenario #6
12
11
1
1
12
12
1
20
11
1
10
15
13
11
14
11
16
Scenario #7
8
2
7
17
17
13
12
8
1
5
3
7
0
2
7
17
15
14
4
13
14
Scenario #8
51
71
31
47
0
21
41
0
0
42
30
0
Scenario #9
13
13
6
15
11
13
3
7
15
11
13
14
23
1
Scenario #10
45
4
42
43
14
47
3
41
Scenario #11
0
0
0
0
0
0
0
0
Scenario #12
25
34
80
51
22
47
Scenario #13
2
40
36
45
22
23
5
52
35
Scenario #14
61
5
53
4
61
55
15
33
51
4
34
42
40
62
15
53
52
10
31
14
50
53
62
31
4
10
31
Scenario #15
11
13
15
1
14
14
0
14
13
15
0
15
12
11
12
10
15
14
1
14
15
14
0
0
0
12
Scenario #16
0
14
11
3
0
2
4
12
12
2
12
5
10
10
3
2
14
2
3
14
Scenario #17
5
29
5
7
32
28
14
16
4
Scenario #18
0
33
31
17
40
41
4
2
32
21
6
17
2
20
Scenario #19
5
50
11
50
22
51
3
23
52
31
4
11
52
1
26
26
20
23
50
12
30
21
51
41
Scenario #20
Scenario #21
0
30
15
1
32
0
13
30
Scenario #22
1
30
2
61
63
20
70
63
41
13
74
31
20
30
81
60
1
20
35
80
60
10
33
Scenario #23
46
40
33
33
30
37
40
43
26
Scenario #24
61
41
1
53
8
10
62
72
50
11
2
43
41
53
20
42
41
62
71
41
11
Scenario #25
13
16
0
13
6
1
16
1
4
4
6
4
10
14
6
5
2
5
1
12
12
4
4
14
4
14
Scenario #26
35
73
37
22
55
37
0
Scenario #27
94
23
26
Scenario #28
3
2
3
0
2
2
1
2
2
3
3
3
2
2
1
1
3
1
3
3
0
3
1
3
Scenario #29
0
0
1
1
1
1
1
1
0
0
1
0
Scenario #30
0
0
0
0
0
0
Scenario #31
20
44
30
41
10
51
50
4
51
12
43
31
Scenario #32
82
88
58
59
31
16
89
Scenario #33
51
44
95
82
86
83
21
40
Scenario #34
35
21
13
34
34
11
16
33
12
35
14
40
42
43
41
0
43
15
25
43
24
21
11
20
32
35
35
0
Scenario #35
4
70
2
26
63
47
21
51
54
78
20
28
66
27
13
50
44
26
26
3
50
70
64
64
20
Scenario #36
12
1
2
0
10
6
11
7
Scenario #37
10
0
50
41
51
20
Scenario #38
42
30
41
20
30
1
13
11
44
20
20
44
2
3
43
2
30
31
44
21
13
40
21
41
44
11
3
0
Scenario #39
11
11
14
0
2
11
12
2
0
10
10
10
15
10
11
0
14
13
Scenario #40
0
0
1
1
1
0
0
0
1
1
0
1
1
0
0
1
0
0
0
0
0
0
1
1
Scenario #41
23
13
51
52
30
22
1
42
30
22
0
3
3
1
45
51
12
4
51
44
21
43
30
Scenario #42
74
30
0
73
40
Scenario #43
28
10
12
32
52
12
Scenario #44
19
Scenario #45
41
3
64
1
80
22
55
22
Scenario #46
0
54
12
0
35
Scenario #47
51
65
26
52
51
45
41
41
27
46
69
47
40
66
66
33
68
62
64
32
43
47
66
33
22
42
42
Scenario #48
26
21
50
60
43
55
3
21
90
16
92
21
22
2
40
63
21
3
51
73
81
Scenario #49
21
11
16
1
11
1
20
Scenario #50
14
20
70
15
3
22
42
71
64
50
10
13
70
15
12
2
33
Scenario #51
0
5
22
3
14
27
29
10
25
26
27
31
3
3
23
3
24
27
23
30
30
26
24
23
12
23
1
Scenario #52
27
9
15
31
47
21
8
8
42
52
50
20
50
17
50
9
41
25
11
25
Scenario #53
20
3
0
22
24
24
30
28
1
1
5
24
12
2
12
5
3
23
1
5
23
4
4
23
Scenario #54
3
13
16
17
10
Scenario #55
42
62
24
21
11
31
16
32
71
58
62
Scenario #56
51
5
6
82
11
74
79
92
31
31
6
85
88
2
7
31
90
8
75
51
Scenario #57
63
24
48
46
45
Scenario #58
43
44
40
73
20
74
61
34
35
20
75
83
32
0
30
20
85
70
Scenario #59
11
60
43
47
44
46
60
6
3
1
34
34
50
11
2
66
32
60
70
41
62
Scenario #60
6
44
11
65
63
Scenario #61
44
4
10
23
5
44
33
47
20
36
10
7
Scenario #62
10
12
0
1
0
11
Scenario #63
61
10
51
11
10
6
Scenario #64
0
1
0
0
0
0
1
1
1
1
1
0
1
0
0
1
0
1
Scenario #65
80
38
35
44
45
51
32
13
41
50
80
20
21
37
0
52
37
61
46
10
60
32
43
12
84
52
20
Scenario #66
10
0
1
10
Scenario #67
10
53
81
96
91
43
62
Scenario #68
52
32
13
52
73
62
20
11
50
71
43
39
51
62
37
41
12
43
82
71
71
60
Scenario #69
23
14
23
36
24
43
32
52
21
22
33
56
20
35
30
25
Scenario #70
60
32
76
96
20
67
32
3
78
16
12
15
53
16
21
1
91
80
13
42
93
74
67
4
96
17
Scenario #71
73
82
52
80
3
12
11
3
71
33
Scenario #72
14
15
15
15
12
13
13
1
14
16
10
Scenario #73
32
13
40
43
13
36
12
35
47
37
23
2
43
46
34
13
12
30
32
20
10
40
31
10
43
31
31
Scenario #74
42
61
44
52
66
52
Scenario #75
39
Scenario #76
85
41
65
56
48
42
24
83
46
49
0
41
21
1
67
33
35
66
61
48
47
Scenario #77
34
23
17
21
8
42
2
6
24
Scenario #78
6
5
4
Scenario #79
5
2
2
1
7
3
6
7
Scenario #80
66
81
94
23
71
44
30
30
47
23
71
44
45
30
30
33
Scenario #81
64
52
30
17
54
2
20
31
64
19
15
11
20
51
57
56
63
40
53
53
Scenario #82
22
40
10
2
3
5
45
3
10
23
13
6
25
7
45
9
13
3
45
43
6
9
24
6
8
23
2
24
13
Scenario #83
13
1
60
46
44
24
60
2
40
32
4
27
Scenario #84
8
9
7
9
8
8
6
7
0
2
3
4
6
3
4
4
5
5
6
9
0
9
6
2
1
3
5
9
6
Scenario #85
13
30
30
37
36
14
30
34
15
12
30
10
Scenario #86
35
39
Scenario #87
46
21
12
22
44
25
34
2
12
28
21
16
31
34
20
34
44
44
28
Scenario #88
2
10
23
0
2
10
7
20
Scenario #89
3
14
11
13
3
11
13
8
4
10
4
0
6
14
15
3
15
3
Scenario #90
46
61
11
Scenario #91
82
66
41
Scenario #92
13
32
32
30
56
44
50
41
40
35
45
20
51
52
32
42
11
43
41
50
32
53
20
34
14
45
46
12
34
20
Scenario #93
0
Scenario #94
44
51
13
48
11
48
26
5
41
43
23
Scenario #95
44
57
51
52
52
74
12
44
54
60
65
45
74
0
56
67
11
80
69
67
Scenario #96
21
69
65
65
10
65
30
Scenario #97
14
14
13
4
34
31
20
Scenario #98
1
70
55
30
55
56
22
60
71
40
21
Scenario #99
51
Scenario #100
3
14
24
11
16
16
11
1
Scenario #101
66
15
15
1
21
70
80
21
11
63
46
62
62
40
23
24
64
14
53
49
32
Scenario #102
2
20
57
7
34
37
20
31
54
32
7
Scenario #103
11
40
18
33
17
19
50
13
0
30
17
42
44
33
31
30
52
33
13
43
53
1
Scenario #104
16
19
17
12
12
14
12
17
19
12
Scenario #105
6
1
4
1
Scenario #106
0
44
47
62
31
21
63
72
2
48
6
11
Scenario #107
20
53
2
30
41
30
33
54
44
33
44
34
1
41
31
51
32
53
38
54
51
34
43
3
10
Scenario #108
11
Scenario #109
35
44
1
52
60
53
Scenario #110
60
13
52
30
72
Scenario #111
41
17
41
19
32
20
15
36
36
63
12
21
73
73
76
77
50
31
12
29
39
32
Scenario #112
52
30
5
2
44
0
41
31
52
2
42
43
Scenario #113
62
60
60
15
18
40
12
60
10
1
40
14
1
14
61
63
61
60
Scenario #114
85
64
Scenario #115
13
53
52
65
62
25
20
60
65
61
25
22
53
3
0
13
64
25
40
10
11
Scenario #116
50
24
51
31
32
37
21
14
50
14
32
42
26
52
Scenario #117
16
54
11
13
6
36
5
63
84
64
4
85
Scenario #118
27
11
23
14
23
8
3
10
1
6
0
1
Scenario #119
52
13
11
52
1
23
31
10
21
41
23
21
51
14
0
28
31
34
30
40
21
42
52
31
23
41
Scenario #120
55
24
33
12
45
33
31
34
14
24
14
24
20
30
51
31
17
42
35
48
55
21
18
44
35
48
27
Scenario #121
0
47
63
73
60
20
52
50
29
41
3
47
22
27
20
44
60
27
25
48
48
25
50
26
0
Scenario #122
27
64
72
74
14
50
33
73
28
21
50
83
28
40
23
86
10
61
10
Scenario #123
3
5
0
2
0
8
3
0
6
Scenario #124
Scenario #125
23
2
60
31
Scenario #126
5
14
62
82
10
53
51
22
5
40
7
61
60
60
47
44
27
63
35
4
6
65
64
11
Scenario #127
22
Scenario #128
92
60
50
0
91
30
81
12
90
14
22
53
86
25
23
92
25
12
17
